1111111111111111111111111
1000010000000100100100001
1010000000000100000000011
1010001100100100101000001
1001100001100000001001101
1000100000110000011000001
1000010101001010001000001
1000010001000000100000001
1011001000000100100010001
1011100000000101010100001
1000100010000000000001001
1000000001000100000010001
1000100100101001000000011
1000000000100101101000101
1000111100001101000010011
1000010101100000000100111
1000000001000110000000101
1010110110001000000010001
1000000110100100010110001
1001000000100000100010001
1000001110000110000000101
1000010000100000100000001
1110010000000000000000001
1110110000100000000001101
1111111111111111111111111